# Created by Octave 8.3.0, Fri Dec 08 14:35:46 2023 GMT <unknown@FH202-LAB06W>
# name: score
# type: scalar
0


